;/*
(gaussian-tbl 1 16 1 16 16 16)
;*/

#define BLURMTX g16_5_5
#define BLURMTX_W 5
#define BLURMTX_H 5
#define BLURMTX_DIV gsum16_5_5

float g16_1_1[1][1] =
 {{0.09973557}};
float gsum16_1_1 = 0.09973557;

float g16_1_3[1][3] =
 {{0.09666703, 0.09973557, 0.09666703}};
float gsum16_1_3 = 0.29306963;

float g16_1_5[1][5] =
 {{0.08801633, 0.09666703, 0.09973557, 0.09666703, 0.08801633}};
float gsum16_1_5 = 0.46910229;

float g16_1_7[1][7] =
 {{0.07528436, 0.08801633, 0.09666703, 0.09973557, 0.09666703, 0.08801633, 0.07528436}};
float gsum16_1_7 = 0.61967101;

float g16_1_9[1][9] =
 {{0.06049268, 0.07528436, 0.08801633, 0.09666703, 0.09973557, 0.09666703, 0.08801633, 0.07528436, 0.06049268}};
float gsum16_1_9 = 0.74065637;

float g16_1_11[1][11] =
 {{0.04566227, 0.06049268, 0.07528436, 0.08801633, 0.09666703, 0.09973557, 0.09666703, 0.08801633, 0.07528436, 0.06049268, 0.04566227}};
float gsum16_1_11 = 0.83198091;

float g16_1_13[1][13] =
 {{0.03237940, 0.04566227, 0.06049268, 0.07528436, 0.08801633, 0.09666703, 0.09973557, 0.09666703, 0.08801633, 0.07528436, 0.06049268, 0.04566227, 0.03237940}};
float gsum16_1_13 = 0.89673971;

float g16_1_15[1][15] =
 {{0.02156933, 0.03237940, 0.04566227, 0.06049268, 0.07528436, 0.08801633, 0.09666703, 0.09973557, 0.09666703, 0.08801633, 0.07528436, 0.06049268, 0.04566227, 0.03237940, 0.02156933}};
float gsum16_1_15 = 0.93987837;

float g16_3_1[3][1] =
 {{0.09666703},
  {0.09973557},
  {0.09666703}};
float gsum16_3_1 = 0.29306963;

float g16_3_3[3][3] =
 {{0.09369290, 0.09666703, 0.09369290},
  {0.09666703, 0.09973557, 0.09666703},
  {0.09369290, 0.09666703, 0.09369290}};
float gsum16_3_3 = 0.86117528;

float g16_3_5[3][5] =
 {{0.08530835, 0.09369290, 0.09666703, 0.09369290, 0.08530835},
  {0.08801633, 0.09666703, 0.09973557, 0.09666703, 0.08801633},
  {0.08530835, 0.09369290, 0.09666703, 0.09369290, 0.08530835}};
float gsum16_3_5 = 1.37844136;

float g16_3_7[3][7] =
 {{0.07296810, 0.08530835, 0.09369290, 0.09666703, 0.09369290, 0.08530835, 0.07296810},
  {0.07528436, 0.08801633, 0.09666703, 0.09973557, 0.09666703, 0.08801633, 0.07528436},
  {0.07296810, 0.08530835, 0.09369290, 0.09666703, 0.09369290, 0.08530835, 0.07296810}};
float gsum16_3_7 = 1.82088248;

float g16_3_9[3][9] =
 {{0.05863152, 0.07296810, 0.08530835, 0.09369290, 0.09666703, 0.09369290, 0.08530835, 0.07296810, 0.05863152},
  {0.06049268, 0.07528436, 0.08801633, 0.09666703, 0.09973557, 0.09666703, 0.08801633, 0.07528436, 0.06049268},
  {0.05863152, 0.07296810, 0.08530835, 0.09369290, 0.09666703, 0.09369290, 0.08530835, 0.07296810, 0.05863152}};
float gsum16_3_9 = 2.17639391;

float g16_3_11[3][11] =
 {{0.04425739, 0.05863152, 0.07296810, 0.08530835, 0.09369290, 0.09666703, 0.09369290, 0.08530835, 0.07296810, 0.05863152, 0.04425739},
  {0.04566227, 0.06049268, 0.07528436, 0.08801633, 0.09666703, 0.09973557, 0.09666703, 0.08801633, 0.07528436, 0.06049268, 0.04566227},
  {0.04425739, 0.05863152, 0.07296810, 0.08530835, 0.09369290, 0.09666703, 0.09369290, 0.08530835, 0.07296810, 0.05863152, 0.04425739}};
float gsum16_3_11 = 2.44474802;

float g16_3_13[3][13] =
 {{0.03138319, 0.04425739, 0.05863152, 0.07296810, 0.08530835, 0.09369290, 0.09666703, 0.09369290, 0.08530835, 0.07296810, 0.05863152, 0.04425739, 0.03138319},
  {0.03237940, 0.04566227, 0.06049268, 0.07528436, 0.08801633, 0.09666703, 0.09973557, 0.09666703, 0.08801633, 0.07528436, 0.06049268, 0.04566227, 0.03237940},
  {0.03138319, 0.04425739, 0.05863152, 0.07296810, 0.08530835, 0.09369290, 0.09666703, 0.09369290, 0.08530835, 0.07296810, 0.05863152, 0.04425739, 0.03138319}};
float gsum16_3_13 = 2.63503957;

float g16_3_15[3][15] =
 {{0.02090571, 0.03138319, 0.04425739, 0.05863152, 0.07296810, 0.08530835, 0.09369290, 0.09666703, 0.09369290, 0.08530835, 0.07296810, 0.05863152, 0.04425739, 0.03138319, 0.02090571},
  {0.02156933, 0.03237940, 0.04566227, 0.06049268, 0.07528436, 0.08801633, 0.09666703, 0.09973557, 0.09666703, 0.08801633, 0.07528436, 0.06049268, 0.04566227, 0.03237940, 0.02156933},
  {0.02090571, 0.03138319, 0.04425739, 0.05863152, 0.07296810, 0.08530835, 0.09369290, 0.09666703, 0.09369290, 0.08530835, 0.07296810, 0.05863152, 0.04425739, 0.03138319, 0.02090571}};
float gsum16_3_15 = 2.76180108;

float g16_5_1[5][1] =
 {{0.08801633},
  {0.09666703},
  {0.09973557},
  {0.09666703},
  {0.08801633}};
float gsum16_5_1 = 0.46910229;

float g16_5_3[5][3] =
 {{0.08530835, 0.08801633, 0.08530835},
  {0.09369290, 0.09666703, 0.09369290},
  {0.09666703, 0.09973557, 0.09666703},
  {0.09369290, 0.09666703, 0.09369290},
  {0.08530835, 0.08801633, 0.08530835}};
float gsum16_5_3 = 1.37844136;

float g16_5_5[5][5] =
 {{0.07767414, 0.08530835, 0.08801633, 0.08530835, 0.07767414},
  {0.08530835, 0.09369290, 0.09666703, 0.09369290, 0.08530835},
  {0.08801633, 0.09666703, 0.09973557, 0.09666703, 0.08801633},
  {0.08530835, 0.09369290, 0.09666703, 0.09369290, 0.08530835},
  {0.07767414, 0.08530835, 0.08801633, 0.08530835, 0.07767414}};
float gsum16_5_5 = 2.20640399;

float g16_5_7[5][7] =
 {{0.06643821, 0.07767414, 0.08530835, 0.08801633, 0.08530835, 0.07767414, 0.06643821},
  {0.07296810, 0.08530835, 0.09369290, 0.09666703, 0.09369290, 0.08530835, 0.07296810},
  {0.07528436, 0.08801633, 0.09666703, 0.09973557, 0.09666703, 0.08801633, 0.07528436},
  {0.07296810, 0.08530835, 0.09369290, 0.09666703, 0.09369290, 0.08530835, 0.07296810},
  {0.06643821, 0.07767414, 0.08530835, 0.08801633, 0.08530835, 0.07767414, 0.06643821}};
float gsum16_5_7 = 2.91459797;

float g16_5_9[5][9] =
 {{0.05338460, 0.06643821, 0.07767414, 0.08530835, 0.08801633, 0.08530835, 0.07767414, 0.06643821, 0.05338460},
  {0.05863152, 0.07296810, 0.08530835, 0.09369290, 0.09666703, 0.09369290, 0.08530835, 0.07296810, 0.05863152},
  {0.06049268, 0.07528436, 0.08801633, 0.09666703, 0.09973557, 0.09666703, 0.08801633, 0.07528436, 0.06049268},
  {0.05863152, 0.07296810, 0.08530835, 0.09369290, 0.09666703, 0.09369290, 0.08530835, 0.07296810, 0.05863152},
  {0.05338460, 0.06643821, 0.07767414, 0.08530835, 0.08801633, 0.08530835, 0.07767414, 0.06643821, 0.05338460}};
float gsum16_5_9 = 3.48364781;

float g16_5_11[5][11] =
 {{0.04029681, 0.05338460, 0.06643821, 0.07767414, 0.08530835, 0.08801633, 0.08530835, 0.07767414, 0.06643821, 0.05338460, 0.04029681},
  {0.04425739, 0.05863152, 0.07296810, 0.08530835, 0.09369290, 0.09666703, 0.09369290, 0.08530835, 0.07296810, 0.05863152, 0.04425739},
  {0.04566227, 0.06049268, 0.07528436, 0.08801633, 0.09666703, 0.09973557, 0.09666703, 0.08801633, 0.07528436, 0.06049268, 0.04566227},
  {0.04425739, 0.05863152, 0.07296810, 0.08530835, 0.09369290, 0.09666703, 0.09369290, 0.08530835, 0.07296810, 0.05863152, 0.04425739},
  {0.04029681, 0.05338460, 0.06643821, 0.07767414, 0.08530835, 0.08801633, 0.08530835, 0.07767414, 0.06643821, 0.05338460, 0.04029681}};
float gsum16_5_11 = 3.91318917;

float g16_5_13[5][13] =
 {{0.02857472, 0.04029681, 0.05338460, 0.06643821, 0.07767414, 0.08530835, 0.08801633, 0.08530835, 0.07767414, 0.06643821, 0.05338460, 0.04029681, 0.02857472},
  {0.03138319, 0.04425739, 0.05863152, 0.07296810, 0.08530835, 0.09369290, 0.09666703, 0.09369290, 0.08530835, 0.07296810, 0.05863152, 0.04425739, 0.03138319},
  {0.03237940, 0.04566227, 0.06049268, 0.07528436, 0.08801633, 0.09666703, 0.09973557, 0.09666703, 0.08801633, 0.07528436, 0.06049268, 0.04566227, 0.03237940},
  {0.03138319, 0.04425739, 0.05863152, 0.07296810, 0.08530835, 0.09369290, 0.09666703, 0.09369290, 0.08530835, 0.07296810, 0.05863152, 0.04425739, 0.03138319},
  {0.02857472, 0.04029681, 0.05338460, 0.06643821, 0.07767414, 0.08530835, 0.08801633, 0.08530835, 0.07767414, 0.06643821, 0.05338460, 0.04029681, 0.02857472}};
float gsum16_5_13 = 4.21777961;

float g16_5_15[5][15] =
 {{0.01903487, 0.02857472, 0.04029681, 0.05338460, 0.06643821, 0.07767414, 0.08530835, 0.08801633, 0.08530835, 0.07767414, 0.06643821, 0.05338460, 0.04029681, 0.02857472, 0.01903487},
  {0.02090571, 0.03138319, 0.04425739, 0.05863152, 0.07296810, 0.08530835, 0.09369290, 0.09666703, 0.09369290, 0.08530835, 0.07296810, 0.05863152, 0.04425739, 0.03138319, 0.02090571},
  {0.02156933, 0.03237940, 0.04566227, 0.06049268, 0.07528436, 0.08801633, 0.09666703, 0.09973557, 0.09666703, 0.08801633, 0.07528436, 0.06049268, 0.04566227, 0.03237940, 0.02156933},
  {0.02090571, 0.03138319, 0.04425739, 0.05863152, 0.07296810, 0.08530835, 0.09369290, 0.09666703, 0.09369290, 0.08530835, 0.07296810, 0.05863152, 0.04425739, 0.03138319, 0.02090571},
  {0.01903487, 0.02857472, 0.04029681, 0.05338460, 0.06643821, 0.07767414, 0.08530835, 0.08801633, 0.08530835, 0.07767414, 0.06643821, 0.05338460, 0.04029681, 0.02857472, 0.01903487}};
float gsum16_5_15 = 4.42068058;

float g16_7_1[7][1] =
 {{0.07528436},
  {0.08801633},
  {0.09666703},
  {0.09973557},
  {0.09666703},
  {0.08801633},
  {0.07528436}};
float gsum16_7_1 = 0.61967101;

float g16_7_3[7][3] =
 {{0.07296810, 0.07528436, 0.07296810},
  {0.08530835, 0.08801633, 0.08530835},
  {0.09369290, 0.09666703, 0.09369290},
  {0.09666703, 0.09973557, 0.09666703},
  {0.09369290, 0.09666703, 0.09369290},
  {0.08530835, 0.08801633, 0.08530835},
  {0.07296810, 0.07528436, 0.07296810}};
float gsum16_7_3 = 1.82088248;

float g16_7_5[7][5] =
 {{0.06643821, 0.07296810, 0.07528436, 0.07296810, 0.06643821},
  {0.07767414, 0.08530835, 0.08801633, 0.08530835, 0.07767414},
  {0.08530835, 0.09369290, 0.09666703, 0.09369290, 0.08530835},
  {0.08801633, 0.09666703, 0.09973557, 0.09666703, 0.08801633},
  {0.08530835, 0.09369290, 0.09666703, 0.09369290, 0.08530835},
  {0.07767414, 0.08530835, 0.08801633, 0.08530835, 0.07767414},
  {0.06643821, 0.07296810, 0.07528436, 0.07296810, 0.06643821}};
float gsum16_7_5 = 2.91459797;

float g16_7_7[7][7] =
 {{0.05682761, 0.06643821, 0.07296810, 0.07528436, 0.07296810, 0.06643821, 0.05682761},
  {0.06643821, 0.07767414, 0.08530835, 0.08801633, 0.08530835, 0.07767414, 0.06643821},
  {0.07296810, 0.08530835, 0.09369290, 0.09666703, 0.09369290, 0.08530835, 0.07296810},
  {0.07528436, 0.08801633, 0.09666703, 0.09973557, 0.09666703, 0.08801633, 0.07528436},
  {0.07296810, 0.08530835, 0.09369290, 0.09666703, 0.09369290, 0.08530835, 0.07296810},
  {0.06643821, 0.07767414, 0.08530835, 0.08801633, 0.08530835, 0.07767414, 0.06643821},
  {0.05682761, 0.06643821, 0.07296810, 0.07528436, 0.07296810, 0.06643821, 0.05682761}};
float gsum16_7_7 = 3.85010240;

float g16_7_9[7][9] =
 {{0.04566227, 0.05682761, 0.06643821, 0.07296810, 0.07528436, 0.07296810, 0.06643821, 0.05682761, 0.04566227},
  {0.05338460, 0.06643821, 0.07767414, 0.08530835, 0.08801633, 0.08530835, 0.07767414, 0.06643821, 0.05338460},
  {0.05863152, 0.07296810, 0.08530835, 0.09369290, 0.09666703, 0.09369290, 0.08530835, 0.07296810, 0.05863152},
  {0.06049268, 0.07528436, 0.08801633, 0.09666703, 0.09973557, 0.09666703, 0.08801633, 0.07528436, 0.06049268},
  {0.05863152, 0.07296810, 0.08530835, 0.09369290, 0.09666703, 0.09369290, 0.08530835, 0.07296810, 0.05863152},
  {0.05338460, 0.06643821, 0.07767414, 0.08530835, 0.08801633, 0.08530835, 0.07767414, 0.06643821, 0.05338460},
  {0.04566227, 0.05682761, 0.06643821, 0.07296810, 0.07528436, 0.07296810, 0.06643821, 0.05682761, 0.04566227}};
float gsum16_7_9 = 4.60180133;

float g16_7_11[7][11] =
 {{0.03446769, 0.04566227, 0.05682761, 0.06643821, 0.07296810, 0.07528436, 0.07296810, 0.06643821, 0.05682761, 0.04566227, 0.03446769},
  {0.04029681, 0.05338460, 0.06643821, 0.07767414, 0.08530835, 0.08801633, 0.08530835, 0.07767414, 0.06643821, 0.05338460, 0.04029681},
  {0.04425739, 0.05863152, 0.07296810, 0.08530835, 0.09369290, 0.09666703, 0.09369290, 0.08530835, 0.07296810, 0.05863152, 0.04425739},
  {0.04566227, 0.06049268, 0.07528436, 0.08801633, 0.09666703, 0.09973557, 0.09666703, 0.08801633, 0.07528436, 0.06049268, 0.04566227},
  {0.04425739, 0.05863152, 0.07296810, 0.08530835, 0.09369290, 0.09666703, 0.09369290, 0.08530835, 0.07296810, 0.05863152, 0.04425739},
  {0.04029681, 0.05338460, 0.06643821, 0.07767414, 0.08530835, 0.08801633, 0.08530835, 0.07767414, 0.06643821, 0.05338460, 0.04029681},
  {0.03446769, 0.04566227, 0.05682761, 0.06643821, 0.07296810, 0.07528436, 0.07296810, 0.06643821, 0.05682761, 0.04566227, 0.03446769}};
float gsum16_7_11 = 5.16921346;

float g16_7_13[7][13] =
 {{0.02444125, 0.03446769, 0.04566227, 0.05682761, 0.06643821, 0.07296810, 0.07528436, 0.07296810, 0.06643821, 0.05682761, 0.04566227, 0.03446769, 0.02444125},
  {0.02857472, 0.04029681, 0.05338460, 0.06643821, 0.07767414, 0.08530835, 0.08801633, 0.08530835, 0.07767414, 0.06643821, 0.05338460, 0.04029681, 0.02857472},
  {0.03138319, 0.04425739, 0.05863152, 0.07296810, 0.08530835, 0.09369290, 0.09666703, 0.09369290, 0.08530835, 0.07296810, 0.05863152, 0.04425739, 0.03138319},
  {0.03237940, 0.04566227, 0.06049268, 0.07528436, 0.08801633, 0.09666703, 0.09973557, 0.09666703, 0.08801633, 0.07528436, 0.06049268, 0.04566227, 0.03237940},
  {0.03138319, 0.04425739, 0.05863152, 0.07296810, 0.08530835, 0.09369290, 0.09666703, 0.09369290, 0.08530835, 0.07296810, 0.05863152, 0.04425739, 0.03138319},
  {0.02857472, 0.04029681, 0.05338460, 0.06643821, 0.07767414, 0.08530835, 0.08801633, 0.08530835, 0.07767414, 0.06643821, 0.05338460, 0.04029681, 0.02857472},
  {0.02444125, 0.03446769, 0.04566227, 0.05682761, 0.06643821, 0.07296810, 0.07528436, 0.07296810, 0.06643821, 0.05682761, 0.04566227, 0.03446769, 0.02444125}};
float gsum16_7_13 = 5.57156890;

float g16_7_15[7][15] =
 {{0.01628138, 0.02444125, 0.03446769, 0.04566227, 0.05682761, 0.06643821, 0.07296810, 0.07528436, 0.07296810, 0.06643821, 0.05682761, 0.04566227, 0.03446769, 0.02444125, 0.01628138},
  {0.01903487, 0.02857472, 0.04029681, 0.05338460, 0.06643821, 0.07767414, 0.08530835, 0.08801633, 0.08530835, 0.07767414, 0.06643821, 0.05338460, 0.04029681, 0.02857472, 0.01903487},
  {0.02090571, 0.03138319, 0.04425739, 0.05863152, 0.07296810, 0.08530835, 0.09369290, 0.09666703, 0.09369290, 0.08530835, 0.07296810, 0.05863152, 0.04425739, 0.03138319, 0.02090571},
  {0.02156933, 0.03237940, 0.04566227, 0.06049268, 0.07528436, 0.08801633, 0.09666703, 0.09973557, 0.09666703, 0.08801633, 0.07528436, 0.06049268, 0.04566227, 0.03237940, 0.02156933},
  {0.02090571, 0.03138319, 0.04425739, 0.05863152, 0.07296810, 0.08530835, 0.09369290, 0.09666703, 0.09369290, 0.08530835, 0.07296810, 0.05863152, 0.04425739, 0.03138319, 0.02090571},
  {0.01903487, 0.02857472, 0.04029681, 0.05338460, 0.06643821, 0.07767414, 0.08530835, 0.08801633, 0.08530835, 0.07767414, 0.06643821, 0.05338460, 0.04029681, 0.02857472, 0.01903487},
  {0.01628138, 0.02444125, 0.03446769, 0.04566227, 0.05682761, 0.06643821, 0.07296810, 0.07528436, 0.07296810, 0.06643821, 0.05682761, 0.04566227, 0.03446769, 0.02444125, 0.01628138}};
float gsum16_7_15 = 5.83959541;

float g16_9_1[9][1] =
 {{0.06049268},
  {0.07528436},
  {0.08801633},
  {0.09666703},
  {0.09973557},
  {0.09666703},
  {0.08801633},
  {0.07528436},
  {0.06049268}};
float gsum16_9_1 = 0.74065637;

float g16_9_3[9][3] =
 {{0.05863152, 0.06049268, 0.05863152},
  {0.07296810, 0.07528436, 0.07296810},
  {0.08530835, 0.08801633, 0.08530835},
  {0.09369290, 0.09666703, 0.09369290},
  {0.09666703, 0.09973557, 0.09666703},
  {0.09369290, 0.09666703, 0.09369290},
  {0.08530835, 0.08801633, 0.08530835},
  {0.07296810, 0.07528436, 0.07296810},
  {0.05863152, 0.06049268, 0.05863152}};
float gsum16_9_3 = 2.17639391;

float g16_9_5[9][5] =
 {{0.05338460, 0.05863152, 0.06049268, 0.05863152, 0.05338460},
  {0.06643821, 0.07296810, 0.07528436, 0.07296810, 0.06643821},
  {0.07767414, 0.08530835, 0.08801633, 0.08530835, 0.07767414},
  {0.08530835, 0.09369290, 0.09666703, 0.09369290, 0.08530835},
  {0.08801633, 0.09666703, 0.09973557, 0.09666703, 0.08801633},
  {0.08530835, 0.09369290, 0.09666703, 0.09369290, 0.08530835},
  {0.07767414, 0.08530835, 0.08801633, 0.08530835, 0.07767414},
  {0.06643821, 0.07296810, 0.07528436, 0.07296810, 0.06643821},
  {0.05338460, 0.05863152, 0.06049268, 0.05863152, 0.05338460}};
float gsum16_9_5 = 3.48364781;

float g16_9_7[9][7] =
 {{0.04566227, 0.05338460, 0.05863152, 0.06049268, 0.05863152, 0.05338460, 0.04566227},
  {0.05682761, 0.06643821, 0.07296810, 0.07528436, 0.07296810, 0.06643821, 0.05682761},
  {0.06643821, 0.07767414, 0.08530835, 0.08801633, 0.08530835, 0.07767414, 0.06643821},
  {0.07296810, 0.08530835, 0.09369290, 0.09666703, 0.09369290, 0.08530835, 0.07296810},
  {0.07528436, 0.08801633, 0.09666703, 0.09973557, 0.09666703, 0.08801633, 0.07528436},
  {0.07296810, 0.08530835, 0.09369290, 0.09666703, 0.09369290, 0.08530835, 0.07296810},
  {0.06643821, 0.07767414, 0.08530835, 0.08801633, 0.08530835, 0.07767414, 0.06643821},
  {0.05682761, 0.06643821, 0.07296810, 0.07528436, 0.07296810, 0.06643821, 0.05682761},
  {0.04566227, 0.05338460, 0.05863152, 0.06049268, 0.05863152, 0.05338460, 0.04566227}};
float gsum16_9_7 = 4.60180133;

float g16_9_9[9][9] =
 {{0.03669067, 0.04566227, 0.05338460, 0.05863152, 0.06049268, 0.05863152, 0.05338460, 0.04566227, 0.03669067},
  {0.04566227, 0.05682761, 0.06643821, 0.07296810, 0.07528436, 0.07296810, 0.06643821, 0.05682761, 0.04566227},
  {0.05338460, 0.06643821, 0.07767414, 0.08530835, 0.08801633, 0.08530835, 0.07767414, 0.06643821, 0.05338460},
  {0.05863152, 0.07296810, 0.08530835, 0.09369290, 0.09666703, 0.09369290, 0.08530835, 0.07296810, 0.05863152},
  {0.06049268, 0.07528436, 0.08801633, 0.09666703, 0.09973557, 0.09666703, 0.08801633, 0.07528436, 0.06049268},
  {0.05863152, 0.07296810, 0.08530835, 0.09369290, 0.09666703, 0.09369290, 0.08530835, 0.07296810, 0.05863152},
  {0.05338460, 0.06643821, 0.07767414, 0.08530835, 0.08801633, 0.08530835, 0.07767414, 0.06643821, 0.05338460},
  {0.04566227, 0.05682761, 0.06643821, 0.07296810, 0.07528436, 0.07296810, 0.06643821, 0.05682761, 0.04566227},
  {0.03669067, 0.04566227, 0.05338460, 0.05863152, 0.06049268, 0.05863152, 0.05338460, 0.04566227, 0.03669067}};
float gsum16_9_9 = 5.50026293;

float g16_9_11[9][11] =
 {{0.02769557, 0.03669067, 0.04566227, 0.05338460, 0.05863152, 0.06049268, 0.05863152, 0.05338460, 0.04566227, 0.03669067, 0.02769557},
  {0.03446769, 0.04566227, 0.05682761, 0.06643821, 0.07296810, 0.07528436, 0.07296810, 0.06643821, 0.05682761, 0.04566227, 0.03446769},
  {0.04029681, 0.05338460, 0.06643821, 0.07767414, 0.08530835, 0.08801633, 0.08530835, 0.07767414, 0.06643821, 0.05338460, 0.04029681},
  {0.04425739, 0.05863152, 0.07296810, 0.08530835, 0.09369290, 0.09666703, 0.09369290, 0.08530835, 0.07296810, 0.05863152, 0.04425739},
  {0.04566227, 0.06049268, 0.07528436, 0.08801633, 0.09666703, 0.09973557, 0.09666703, 0.08801633, 0.07528436, 0.06049268, 0.04566227},
  {0.04425739, 0.05863152, 0.07296810, 0.08530835, 0.09369290, 0.09666703, 0.09369290, 0.08530835, 0.07296810, 0.05863152, 0.04425739},
  {0.04029681, 0.05338460, 0.06643821, 0.07767414, 0.08530835, 0.08801633, 0.08530835, 0.07767414, 0.06643821, 0.05338460, 0.04029681},
  {0.03446769, 0.04566227, 0.05682761, 0.06643821, 0.07296810, 0.07528436, 0.07296810, 0.06643821, 0.05682761, 0.04566227, 0.03446769},
  {0.02769557, 0.03669067, 0.04566227, 0.05338460, 0.05863152, 0.06049268, 0.05863152, 0.05338460, 0.04566227, 0.03669067, 0.02769557}};
float gsum16_9_11 = 6.17845732;

float g16_9_13[9][13] =
 {{0.01963910, 0.02769557, 0.03669067, 0.04566227, 0.05338460, 0.05863152, 0.06049268, 0.05863152, 0.05338460, 0.04566227, 0.03669067, 0.02769557, 0.01963910},
  {0.02444125, 0.03446769, 0.04566227, 0.05682761, 0.06643821, 0.07296810, 0.07528436, 0.07296810, 0.06643821, 0.05682761, 0.04566227, 0.03446769, 0.02444125},
  {0.02857472, 0.04029681, 0.05338460, 0.06643821, 0.07767414, 0.08530835, 0.08801633, 0.08530835, 0.07767414, 0.06643821, 0.05338460, 0.04029681, 0.02857472},
  {0.03138319, 0.04425739, 0.05863152, 0.07296810, 0.08530835, 0.09369290, 0.09666703, 0.09369290, 0.08530835, 0.07296810, 0.05863152, 0.04425739, 0.03138319},
  {0.03237940, 0.04566227, 0.06049268, 0.07528436, 0.08801633, 0.09666703, 0.09973557, 0.09666703, 0.08801633, 0.07528436, 0.06049268, 0.04566227, 0.03237940},
  {0.03138319, 0.04425739, 0.05863152, 0.07296810, 0.08530835, 0.09369290, 0.09666703, 0.09369290, 0.08530835, 0.07296810, 0.05863152, 0.04425739, 0.03138319},
  {0.02857472, 0.04029681, 0.05338460, 0.06643821, 0.07767414, 0.08530835, 0.08801633, 0.08530835, 0.07767414, 0.06643821, 0.05338460, 0.04029681, 0.02857472},
  {0.02444125, 0.03446769, 0.04566227, 0.05682761, 0.06643821, 0.07296810, 0.07528436, 0.07296810, 0.06643821, 0.05682761, 0.04566227, 0.03446769, 0.02444125},
  {0.01963910, 0.02769557, 0.03669067, 0.04566227, 0.05338460, 0.05863152, 0.06049268, 0.05863152, 0.05338460, 0.04566227, 0.03669067, 0.02769557, 0.01963910}};
float gsum16_9_13 = 6.65936916;

float g16_9_15[9][15] =
 {{0.01308246, 0.01963910, 0.02769557, 0.03669067, 0.04566227, 0.05338460, 0.05863152, 0.06049268, 0.05863152, 0.05338460, 0.04566227, 0.03669067, 0.02769557, 0.01963910, 0.01308246},
  {0.01628138, 0.02444125, 0.03446769, 0.04566227, 0.05682761, 0.06643821, 0.07296810, 0.07528436, 0.07296810, 0.06643821, 0.05682761, 0.04566227, 0.03446769, 0.02444125, 0.01628138},
  {0.01903487, 0.02857472, 0.04029681, 0.05338460, 0.06643821, 0.07767414, 0.08530835, 0.08801633, 0.08530835, 0.07767414, 0.06643821, 0.05338460, 0.04029681, 0.02857472, 0.01903487},
  {0.02090571, 0.03138319, 0.04425739, 0.05863152, 0.07296810, 0.08530835, 0.09369290, 0.09666703, 0.09369290, 0.08530835, 0.07296810, 0.05863152, 0.04425739, 0.03138319, 0.02090571},
  {0.02156933, 0.03237940, 0.04566227, 0.06049268, 0.07528436, 0.08801633, 0.09666703, 0.09973557, 0.09666703, 0.08801633, 0.07528436, 0.06049268, 0.04566227, 0.03237940, 0.02156933},
  {0.02090571, 0.03138319, 0.04425739, 0.05863152, 0.07296810, 0.08530835, 0.09369290, 0.09666703, 0.09369290, 0.08530835, 0.07296810, 0.05863152, 0.04425739, 0.03138319, 0.02090571},
  {0.01903487, 0.02857472, 0.04029681, 0.05338460, 0.06643821, 0.07767414, 0.08530835, 0.08801633, 0.08530835, 0.07767414, 0.06643821, 0.05338460, 0.04029681, 0.02857472, 0.01903487},
  {0.01628138, 0.02444125, 0.03446769, 0.04566227, 0.05682761, 0.06643821, 0.07296810, 0.07528436, 0.07296810, 0.06643821, 0.05682761, 0.04566227, 0.03446769, 0.02444125, 0.01628138},
  {0.01308246, 0.01963910, 0.02769557, 0.03669067, 0.04566227, 0.05338460, 0.05863152, 0.06049268, 0.05863152, 0.05338460, 0.04566227, 0.03669067, 0.02769557, 0.01963910, 0.01308246}};
float gsum16_9_15 = 6.97972550;

float g16_11_1[11][1] =
 {{0.04566227},
  {0.06049268},
  {0.07528436},
  {0.08801633},
  {0.09666703},
  {0.09973557},
  {0.09666703},
  {0.08801633},
  {0.07528436},
  {0.06049268},
  {0.04566227}};
float gsum16_11_1 = 0.83198091;

float g16_11_3[11][3] =
 {{0.04425739, 0.04566227, 0.04425739},
  {0.05863152, 0.06049268, 0.05863152},
  {0.07296810, 0.07528436, 0.07296810},
  {0.08530835, 0.08801633, 0.08530835},
  {0.09369290, 0.09666703, 0.09369290},
  {0.09666703, 0.09973557, 0.09666703},
  {0.09369290, 0.09666703, 0.09369290},
  {0.08530835, 0.08801633, 0.08530835},
  {0.07296810, 0.07528436, 0.07296810},
  {0.05863152, 0.06049268, 0.05863152},
  {0.04425739, 0.04566227, 0.04425739}};
float gsum16_11_3 = 2.44474802;

float g16_11_5[11][5] =
 {{0.04029681, 0.04425739, 0.04566227, 0.04425739, 0.04029681},
  {0.05338460, 0.05863152, 0.06049268, 0.05863152, 0.05338460},
  {0.06643821, 0.07296810, 0.07528436, 0.07296810, 0.06643821},
  {0.07767414, 0.08530835, 0.08801633, 0.08530835, 0.07767414},
  {0.08530835, 0.09369290, 0.09666703, 0.09369290, 0.08530835},
  {0.08801633, 0.09666703, 0.09973557, 0.09666703, 0.08801633},
  {0.08530835, 0.09369290, 0.09666703, 0.09369290, 0.08530835},
  {0.07767414, 0.08530835, 0.08801633, 0.08530835, 0.07767414},
  {0.06643821, 0.07296810, 0.07528436, 0.07296810, 0.06643821},
  {0.05338460, 0.05863152, 0.06049268, 0.05863152, 0.05338460},
  {0.04029681, 0.04425739, 0.04566227, 0.04425739, 0.04029681}};
float gsum16_11_5 = 3.91318917;

float g16_11_7[11][7] =
 {{0.03446769, 0.04029681, 0.04425739, 0.04566227, 0.04425739, 0.04029681, 0.03446769},
  {0.04566227, 0.05338460, 0.05863152, 0.06049268, 0.05863152, 0.05338460, 0.04566227},
  {0.05682761, 0.06643821, 0.07296810, 0.07528436, 0.07296810, 0.06643821, 0.05682761},
  {0.06643821, 0.07767414, 0.08530835, 0.08801633, 0.08530835, 0.07767414, 0.06643821},
  {0.07296810, 0.08530835, 0.09369290, 0.09666703, 0.09369290, 0.08530835, 0.07296810},
  {0.07528436, 0.08801633, 0.09666703, 0.09973557, 0.09666703, 0.08801633, 0.07528436},
  {0.07296810, 0.08530835, 0.09369290, 0.09666703, 0.09369290, 0.08530835, 0.07296810},
  {0.06643821, 0.07767414, 0.08530835, 0.08801633, 0.08530835, 0.07767414, 0.06643821},
  {0.05682761, 0.06643821, 0.07296810, 0.07528436, 0.07296810, 0.06643821, 0.05682761},
  {0.04566227, 0.05338460, 0.05863152, 0.06049268, 0.05863152, 0.05338460, 0.04566227},
  {0.03446769, 0.04029681, 0.04425739, 0.04566227, 0.04425739, 0.04029681, 0.03446769}};
float gsum16_11_7 = 5.16921346;

float g16_11_9[11][9] =
 {{0.02769557, 0.03446769, 0.04029681, 0.04425739, 0.04566227, 0.04425739, 0.04029681, 0.03446769, 0.02769557},
  {0.03669067, 0.04566227, 0.05338460, 0.05863152, 0.06049268, 0.05863152, 0.05338460, 0.04566227, 0.03669067},
  {0.04566227, 0.05682761, 0.06643821, 0.07296810, 0.07528436, 0.07296810, 0.06643821, 0.05682761, 0.04566227},
  {0.05338460, 0.06643821, 0.07767414, 0.08530835, 0.08801633, 0.08530835, 0.07767414, 0.06643821, 0.05338460},
  {0.05863152, 0.07296810, 0.08530835, 0.09369290, 0.09666703, 0.09369290, 0.08530835, 0.07296810, 0.05863152},
  {0.06049268, 0.07528436, 0.08801633, 0.09666703, 0.09973557, 0.09666703, 0.08801633, 0.07528436, 0.06049268},
  {0.05863152, 0.07296810, 0.08530835, 0.09369290, 0.09666703, 0.09369290, 0.08530835, 0.07296810, 0.05863152},
  {0.05338460, 0.06643821, 0.07767414, 0.08530835, 0.08801633, 0.08530835, 0.07767414, 0.06643821, 0.05338460},
  {0.04566227, 0.05682761, 0.06643821, 0.07296810, 0.07528436, 0.07296810, 0.06643821, 0.05682761, 0.04566227},
  {0.03669067, 0.04566227, 0.05338460, 0.05863152, 0.06049268, 0.05863152, 0.05338460, 0.04566227, 0.03669067},
  {0.02769557, 0.03446769, 0.04029681, 0.04425739, 0.04566227, 0.04425739, 0.04029681, 0.03446769, 0.02769557}};
float gsum16_11_9 = 6.17845732;

float g16_11_11[11][11] =
 {{0.02090571, 0.02769557, 0.03446769, 0.04029681, 0.04425739, 0.04566227, 0.04425739, 0.04029681, 0.03446769, 0.02769557, 0.02090571},
  {0.02769557, 0.03669067, 0.04566227, 0.05338460, 0.05863152, 0.06049268, 0.05863152, 0.05338460, 0.04566227, 0.03669067, 0.02769557},
  {0.03446769, 0.04566227, 0.05682761, 0.06643821, 0.07296810, 0.07528436, 0.07296810, 0.06643821, 0.05682761, 0.04566227, 0.03446769},
  {0.04029681, 0.05338460, 0.06643821, 0.07767414, 0.08530835, 0.08801633, 0.08530835, 0.07767414, 0.06643821, 0.05338460, 0.04029681},
  {0.04425739, 0.05863152, 0.07296810, 0.08530835, 0.09369290, 0.09666703, 0.09369290, 0.08530835, 0.07296810, 0.05863152, 0.04425739},
  {0.04566227, 0.06049268, 0.07528436, 0.08801633, 0.09666703, 0.09973557, 0.09666703, 0.08801633, 0.07528436, 0.06049268, 0.04566227},
  {0.04425739, 0.05863152, 0.07296810, 0.08530835, 0.09369290, 0.09666703, 0.09369290, 0.08530835, 0.07296810, 0.05863152, 0.04425739},
  {0.04029681, 0.05338460, 0.06643821, 0.07767414, 0.08530835, 0.08801633, 0.08530835, 0.07767414, 0.06643821, 0.05338460, 0.04029681},
  {0.03446769, 0.04566227, 0.05682761, 0.06643821, 0.07296810, 0.07528436, 0.07296810, 0.06643821, 0.05682761, 0.04566227, 0.03446769},
  {0.02769557, 0.03669067, 0.04566227, 0.05338460, 0.05863152, 0.06049268, 0.05863152, 0.05338460, 0.04566227, 0.03669067, 0.02769557},
  {0.02090571, 0.02769557, 0.03446769, 0.04029681, 0.04425739, 0.04566227, 0.04425739, 0.04029681, 0.03446769, 0.02769557, 0.02090571}};
float gsum16_11_11 = 6.94027456;

float g16_11_13[11][13] =
 {{0.01482437, 0.02090571, 0.02769557, 0.03446769, 0.04029681, 0.04425739, 0.04566227, 0.04425739, 0.04029681, 0.03446769, 0.02769557, 0.02090571, 0.01482437},
  {0.01963910, 0.02769557, 0.03669067, 0.04566227, 0.05338460, 0.05863152, 0.06049268, 0.05863152, 0.05338460, 0.04566227, 0.03669067, 0.02769557, 0.01963910},
  {0.02444125, 0.03446769, 0.04566227, 0.05682761, 0.06643821, 0.07296810, 0.07528436, 0.07296810, 0.06643821, 0.05682761, 0.04566227, 0.03446769, 0.02444125},
  {0.02857472, 0.04029681, 0.05338460, 0.06643821, 0.07767414, 0.08530835, 0.08801633, 0.08530835, 0.07767414, 0.06643821, 0.05338460, 0.04029681, 0.02857472},
  {0.03138319, 0.04425739, 0.05863152, 0.07296810, 0.08530835, 0.09369290, 0.09666703, 0.09369290, 0.08530835, 0.07296810, 0.05863152, 0.04425739, 0.03138319},
  {0.03237940, 0.04566227, 0.06049268, 0.07528436, 0.08801633, 0.09666703, 0.09973557, 0.09666703, 0.08801633, 0.07528436, 0.06049268, 0.04566227, 0.03237940},
  {0.03138319, 0.04425739, 0.05863152, 0.07296810, 0.08530835, 0.09369290, 0.09666703, 0.09369290, 0.08530835, 0.07296810, 0.05863152, 0.04425739, 0.03138319},
  {0.02857472, 0.04029681, 0.05338460, 0.06643821, 0.07767414, 0.08530835, 0.08801633, 0.08530835, 0.07767414, 0.06643821, 0.05338460, 0.04029681, 0.02857472},
  {0.02444125, 0.03446769, 0.04566227, 0.05682761, 0.06643821, 0.07296810, 0.07528436, 0.07296810, 0.06643821, 0.05682761, 0.04566227, 0.03446769, 0.02444125},
  {0.01963910, 0.02769557, 0.03669067, 0.04566227, 0.05338460, 0.05863152, 0.06049268, 0.05863152, 0.05338460, 0.04566227, 0.03669067, 0.02769557, 0.01963910},
  {0.01482437, 0.02090571, 0.02769557, 0.03446769, 0.04029681, 0.04425739, 0.04566227, 0.04425739, 0.04029681, 0.03446769, 0.02769557, 0.02090571, 0.01482437}};
float gsum16_11_13 = 7.48048387;

float g16_11_15[11][15] =
 {{0.00987516, 0.01482437, 0.02090571, 0.02769557, 0.03446769, 0.04029681, 0.04425739, 0.04566227, 0.04425739, 0.04029681, 0.03446769, 0.02769557, 0.02090571, 0.01482437, 0.00987516},
  {0.01308246, 0.01963910, 0.02769557, 0.03669067, 0.04566227, 0.05338460, 0.05863152, 0.06049268, 0.05863152, 0.05338460, 0.04566227, 0.03669067, 0.02769557, 0.01963910, 0.01308246},
  {0.01628138, 0.02444125, 0.03446769, 0.04566227, 0.05682761, 0.06643821, 0.07296810, 0.07528436, 0.07296810, 0.06643821, 0.05682761, 0.04566227, 0.03446769, 0.02444125, 0.01628138},
  {0.01903487, 0.02857472, 0.04029681, 0.05338460, 0.06643821, 0.07767414, 0.08530835, 0.08801633, 0.08530835, 0.07767414, 0.06643821, 0.05338460, 0.04029681, 0.02857472, 0.01903487},
  {0.02090571, 0.03138319, 0.04425739, 0.05863152, 0.07296810, 0.08530835, 0.09369290, 0.09666703, 0.09369290, 0.08530835, 0.07296810, 0.05863152, 0.04425739, 0.03138319, 0.02090571},
  {0.02156933, 0.03237940, 0.04566227, 0.06049268, 0.07528436, 0.08801633, 0.09666703, 0.09973557, 0.09666703, 0.08801633, 0.07528436, 0.06049268, 0.04566227, 0.03237940, 0.02156933},
  {0.02090571, 0.03138319, 0.04425739, 0.05863152, 0.07296810, 0.08530835, 0.09369290, 0.09666703, 0.09369290, 0.08530835, 0.07296810, 0.05863152, 0.04425739, 0.03138319, 0.02090571},
  {0.01903487, 0.02857472, 0.04029681, 0.05338460, 0.06643821, 0.07767414, 0.08530835, 0.08801633, 0.08530835, 0.07767414, 0.06643821, 0.05338460, 0.04029681, 0.02857472, 0.01903487},
  {0.01628138, 0.02444125, 0.03446769, 0.04566227, 0.05682761, 0.06643821, 0.07296810, 0.07528436, 0.07296810, 0.06643821, 0.05682761, 0.04566227, 0.03446769, 0.02444125, 0.01628138},
  {0.01308246, 0.01963910, 0.02769557, 0.03669067, 0.04566227, 0.05338460, 0.05863152, 0.06049268, 0.05863152, 0.05338460, 0.04566227, 0.03669067, 0.02769557, 0.01963910, 0.01308246},
  {0.00987516, 0.01482437, 0.02090571, 0.02769557, 0.03446769, 0.04029681, 0.04425739, 0.04566227, 0.04425739, 0.04029681, 0.03446769, 0.02769557, 0.02090571, 0.01482437, 0.00987516}};
float gsum16_11_15 = 7.84034085;

float g16_13_1[13][1] =
 {{0.03237940},
  {0.04566227},
  {0.06049268},
  {0.07528436},
  {0.08801633},
  {0.09666703},
  {0.09973557},
  {0.09666703},
  {0.08801633},
  {0.07528436},
  {0.06049268},
  {0.04566227},
  {0.03237940}};
float gsum16_13_1 = 0.89673971;

float g16_13_3[13][3] =
 {{0.03138319, 0.03237940, 0.03138319},
  {0.04425739, 0.04566227, 0.04425739},
  {0.05863152, 0.06049268, 0.05863152},
  {0.07296810, 0.07528436, 0.07296810},
  {0.08530835, 0.08801633, 0.08530835},
  {0.09369290, 0.09666703, 0.09369290},
  {0.09666703, 0.09973557, 0.09666703},
  {0.09369290, 0.09666703, 0.09369290},
  {0.08530835, 0.08801633, 0.08530835},
  {0.07296810, 0.07528436, 0.07296810},
  {0.05863152, 0.06049268, 0.05863152},
  {0.04425739, 0.04566227, 0.04425739},
  {0.03138319, 0.03237940, 0.03138319}};
float gsum16_13_3 = 2.63503957;

float g16_13_5[13][5] =
 {{0.02857472, 0.03138319, 0.03237940, 0.03138319, 0.02857472},
  {0.04029681, 0.04425739, 0.04566227, 0.04425739, 0.04029681},
  {0.05338460, 0.05863152, 0.06049268, 0.05863152, 0.05338460},
  {0.06643821, 0.07296810, 0.07528436, 0.07296810, 0.06643821},
  {0.07767414, 0.08530835, 0.08801633, 0.08530835, 0.07767414},
  {0.08530835, 0.09369290, 0.09666703, 0.09369290, 0.08530835},
  {0.08801633, 0.09666703, 0.09973557, 0.09666703, 0.08801633},
  {0.08530835, 0.09369290, 0.09666703, 0.09369290, 0.08530835},
  {0.07767414, 0.08530835, 0.08801633, 0.08530835, 0.07767414},
  {0.06643821, 0.07296810, 0.07528436, 0.07296810, 0.06643821},
  {0.05338460, 0.05863152, 0.06049268, 0.05863152, 0.05338460},
  {0.04029681, 0.04425739, 0.04566227, 0.04425739, 0.04029681},
  {0.02857472, 0.03138319, 0.03237940, 0.03138319, 0.02857472}};
float gsum16_13_5 = 4.21777961;

float g16_13_7[13][7] =
 {{0.02444125, 0.02857472, 0.03138319, 0.03237940, 0.03138319, 0.02857472, 0.02444125},
  {0.03446769, 0.04029681, 0.04425739, 0.04566227, 0.04425739, 0.04029681, 0.03446769},
  {0.04566227, 0.05338460, 0.05863152, 0.06049268, 0.05863152, 0.05338460, 0.04566227},
  {0.05682761, 0.06643821, 0.07296810, 0.07528436, 0.07296810, 0.06643821, 0.05682761},
  {0.06643821, 0.07767414, 0.08530835, 0.08801633, 0.08530835, 0.07767414, 0.06643821},
  {0.07296810, 0.08530835, 0.09369290, 0.09666703, 0.09369290, 0.08530835, 0.07296810},
  {0.07528436, 0.08801633, 0.09666703, 0.09973557, 0.09666703, 0.08801633, 0.07528436},
  {0.07296810, 0.08530835, 0.09369290, 0.09666703, 0.09369290, 0.08530835, 0.07296810},
  {0.06643821, 0.07767414, 0.08530835, 0.08801633, 0.08530835, 0.07767414, 0.06643821},
  {0.05682761, 0.06643821, 0.07296810, 0.07528436, 0.07296810, 0.06643821, 0.05682761},
  {0.04566227, 0.05338460, 0.05863152, 0.06049268, 0.05863152, 0.05338460, 0.04566227},
  {0.03446769, 0.04029681, 0.04425739, 0.04566227, 0.04425739, 0.04029681, 0.03446769},
  {0.02444125, 0.02857472, 0.03138319, 0.03237940, 0.03138319, 0.02857472, 0.02444125}};
float gsum16_13_7 = 5.57156890;

float g16_13_9[13][9] =
 {{0.01963910, 0.02444125, 0.02857472, 0.03138319, 0.03237940, 0.03138319, 0.02857472, 0.02444125, 0.01963910},
  {0.02769557, 0.03446769, 0.04029681, 0.04425739, 0.04566227, 0.04425739, 0.04029681, 0.03446769, 0.02769557},
  {0.03669067, 0.04566227, 0.05338460, 0.05863152, 0.06049268, 0.05863152, 0.05338460, 0.04566227, 0.03669067},
  {0.04566227, 0.05682761, 0.06643821, 0.07296810, 0.07528436, 0.07296810, 0.06643821, 0.05682761, 0.04566227},
  {0.05338460, 0.06643821, 0.07767414, 0.08530835, 0.08801633, 0.08530835, 0.07767414, 0.06643821, 0.05338460},
  {0.05863152, 0.07296810, 0.08530835, 0.09369290, 0.09666703, 0.09369290, 0.08530835, 0.07296810, 0.05863152},
  {0.06049268, 0.07528436, 0.08801633, 0.09666703, 0.09973557, 0.09666703, 0.08801633, 0.07528436, 0.06049268},
  {0.05863152, 0.07296810, 0.08530835, 0.09369290, 0.09666703, 0.09369290, 0.08530835, 0.07296810, 0.05863152},
  {0.05338460, 0.06643821, 0.07767414, 0.08530835, 0.08801633, 0.08530835, 0.07767414, 0.06643821, 0.05338460},
  {0.04566227, 0.05682761, 0.06643821, 0.07296810, 0.07528436, 0.07296810, 0.06643821, 0.05682761, 0.04566227},
  {0.03669067, 0.04566227, 0.05338460, 0.05863152, 0.06049268, 0.05863152, 0.05338460, 0.04566227, 0.03669067},
  {0.02769557, 0.03446769, 0.04029681, 0.04425739, 0.04566227, 0.04425739, 0.04029681, 0.03446769, 0.02769557},
  {0.01963910, 0.02444125, 0.02857472, 0.03138319, 0.03237940, 0.03138319, 0.02857472, 0.02444125, 0.01963910}};
float gsum16_13_9 = 6.65936916;

float g16_13_11[13][11] =
 {{0.01482437, 0.01963910, 0.02444125, 0.02857472, 0.03138319, 0.03237940, 0.03138319, 0.02857472, 0.02444125, 0.01963910, 0.01482437},
  {0.02090571, 0.02769557, 0.03446769, 0.04029681, 0.04425739, 0.04566227, 0.04425739, 0.04029681, 0.03446769, 0.02769557, 0.02090571},
  {0.02769557, 0.03669067, 0.04566227, 0.05338460, 0.05863152, 0.06049268, 0.05863152, 0.05338460, 0.04566227, 0.03669067, 0.02769557},
  {0.03446769, 0.04566227, 0.05682761, 0.06643821, 0.07296810, 0.07528436, 0.07296810, 0.06643821, 0.05682761, 0.04566227, 0.03446769},
  {0.04029681, 0.05338460, 0.06643821, 0.07767414, 0.08530835, 0.08801633, 0.08530835, 0.07767414, 0.06643821, 0.05338460, 0.04029681},
  {0.04425739, 0.05863152, 0.07296810, 0.08530835, 0.09369290, 0.09666703, 0.09369290, 0.08530835, 0.07296810, 0.05863152, 0.04425739},
  {0.04566227, 0.06049268, 0.07528436, 0.08801633, 0.09666703, 0.09973557, 0.09666703, 0.08801633, 0.07528436, 0.06049268, 0.04566227},
  {0.04425739, 0.05863152, 0.07296810, 0.08530835, 0.09369290, 0.09666703, 0.09369290, 0.08530835, 0.07296810, 0.05863152, 0.04425739},
  {0.04029681, 0.05338460, 0.06643821, 0.07767414, 0.08530835, 0.08801633, 0.08530835, 0.07767414, 0.06643821, 0.05338460, 0.04029681},
  {0.03446769, 0.04566227, 0.05682761, 0.06643821, 0.07296810, 0.07528436, 0.07296810, 0.06643821, 0.05682761, 0.04566227, 0.03446769},
  {0.02769557, 0.03669067, 0.04566227, 0.05338460, 0.05863152, 0.06049268, 0.05863152, 0.05338460, 0.04566227, 0.03669067, 0.02769557},
  {0.02090571, 0.02769557, 0.03446769, 0.04029681, 0.04425739, 0.04566227, 0.04425739, 0.04029681, 0.03446769, 0.02769557, 0.02090571},
  {0.01482437, 0.01963910, 0.02444125, 0.02857472, 0.03138319, 0.03237940, 0.03138319, 0.02857472, 0.02444125, 0.01963910, 0.01482437}};
float gsum16_13_11 = 7.48048387;

float g16_13_13[13][13] =
 {{0.01051205, 0.01482437, 0.01963910, 0.02444125, 0.02857472, 0.03138319, 0.03237940, 0.03138319, 0.02857472, 0.02444125, 0.01963910, 0.01482437, 0.01051205},
  {0.01482437, 0.02090571, 0.02769557, 0.03446769, 0.04029681, 0.04425739, 0.04566227, 0.04425739, 0.04029681, 0.03446769, 0.02769557, 0.02090571, 0.01482437},
  {0.01963910, 0.02769557, 0.03669067, 0.04566227, 0.05338460, 0.05863152, 0.06049268, 0.05863152, 0.05338460, 0.04566227, 0.03669067, 0.02769557, 0.01963910},
  {0.02444125, 0.03446769, 0.04566227, 0.05682761, 0.06643821, 0.07296810, 0.07528436, 0.07296810, 0.06643821, 0.05682761, 0.04566227, 0.03446769, 0.02444125},
  {0.02857472, 0.04029681, 0.05338460, 0.06643821, 0.07767414, 0.08530835, 0.08801633, 0.08530835, 0.07767414, 0.06643821, 0.05338460, 0.04029681, 0.02857472},
  {0.03138319, 0.04425739, 0.05863152, 0.07296810, 0.08530835, 0.09369290, 0.09666703, 0.09369290, 0.08530835, 0.07296810, 0.05863152, 0.04425739, 0.03138319},
  {0.03237940, 0.04566227, 0.06049268, 0.07528436, 0.08801633, 0.09666703, 0.09973557, 0.09666703, 0.08801633, 0.07528436, 0.06049268, 0.04566227, 0.03237940},
  {0.03138319, 0.04425739, 0.05863152, 0.07296810, 0.08530835, 0.09369290, 0.09666703, 0.09369290, 0.08530835, 0.07296810, 0.05863152, 0.04425739, 0.03138319},
  {0.02857472, 0.04029681, 0.05338460, 0.06643821, 0.07767414, 0.08530835, 0.08801633, 0.08530835, 0.07767414, 0.06643821, 0.05338460, 0.04029681, 0.02857472},
  {0.02444125, 0.03446769, 0.04566227, 0.05682761, 0.06643821, 0.07296810, 0.07528436, 0.07296810, 0.06643821, 0.05682761, 0.04566227, 0.03446769, 0.02444125},
  {0.01963910, 0.02769557, 0.03669067, 0.04566227, 0.05338460, 0.05863152, 0.06049268, 0.05863152, 0.05338460, 0.04566227, 0.03669067, 0.02769557, 0.01963910},
  {0.01482437, 0.02090571, 0.02769557, 0.03446769, 0.04029681, 0.04425739, 0.04566227, 0.04425739, 0.04029681, 0.03446769, 0.02769557, 0.02090571, 0.01482437},
